89
0 10 14
1 10 14
2 10 14
3 10 14
4 10 14
5 10 14
6 10 14
7 10 14
8 10 14
9 10 14
10 10 14
11 10 14
12 10 14
13 10 14
14 10 14
15 10 14
16 10 14
17 10 14
18 10 14
19 10 14
20 10 14
21 10 14
22 10 14
23 10 14
24 10 14
25 10 14
26 10 14
27 10 14
28 10 14
29 10 14
30 10 14
31 10 14
32 10 14
33 10 14
34 10 14
35 10 14
36 10 14
37 10 14
38 10 14
39 10 14
40 10 14
41 7 7
42 7 7
43 37 225
44 18 113
45 31 240
46 34 36
47 29 36
48 53 765
49 53 765
50 71 81
51 29 36
52 34 36
53 34 36
54 77 265
55 77 265
56 77 265
57 37 210
58 37 210
59 18 113
60 37 210
61 22 210
62 54 68
63 34 36
64 54 68
65 245 280
66 22 210
67 37 210
68 37 210
69 37 210
70 18 113
71 12 210
72 12 210
73 37 216
74 37 216
75 37 210
76 37 210
77 37 210
78 37 210
79 56 59
80 37 225
81 37 225
82 37 225
83 64 266
84 370 612
85 37 225
86 37 210
87 37 210
88 37 210
