419
0 4 6
1 4 6
2 4 6
3 4 6
4 10 14
5 10 14
6 10 14
7 10 14
8 10 14
9 10 14
10 10 14
11 10 14
12 10 14
13 10 14
14 10 14
15 10 14
16 10 14
17 10 14
18 10 14
19 10 14
20 10 14
21 10 14
22 10 14
23 10 14
24 10 14
25 10 14
26 10 14
27 10 14
28 10 14
29 10 14
30 10 14
31 10 14
32 10 14
33 10 14
34 10 14
35 10 14
36 10 14
37 10 14
38 10 14
39 10 14
40 10 14
41 10 14
42 10 14
43 10 14
44 10 14
45 10 14
46 10 14
47 10 14
48 10 14
49 10 14
50 10 14
51 10 14
52 10 14
53 10 14
54 10 14
55 10 14
56 10 14
57 10 14
58 10 14
59 10 14
60 10 14
61 10 14
62 10 14
63 10 14
64 10 14
65 10 14
66 10 14
67 10 14
68 10 14
69 10 14
70 10 14
71 10 14
72 10 14
73 10 14
74 10 14
75 10 14
76 10 14
77 10 14
78 10 14
79 10 14
80 10 14
81 10 14
82 10 14
83 10 14
84 10 14
85 10 14
86 10 14
87 10 14
88 10 14
89 10 14
90 10 14
91 10 14
92 10 14
93 10 14
94 10 14
95 10 14
96 10 14
97 10 14
98 10 14
99 10 14
100 10 14
101 10 14
102 10 14
103 10 14
104 10 14
105 10 14
106 10 14
107 10 14
108 10 14
109 10 14
110 10 14
111 10 14
112 10 14
113 10 14
114 10 14
115 10 14
116 10 14
117 10 14
118 10 14
119 10 14
120 10 14
121 10 14
122 10 14
123 10 14
124 10 14
125 10 14
126 10 14
127 10 14
128 10 14
129 10 14
130 10 14
131 10 14
132 10 14
133 10 14
134 10 14
135 10 14
136 10 14
137 10 14
138 10 14
139 10 14
140 10 14
141 10 14
142 10 14
143 10 14
144 10 14
145 10 14
146 10 14
147 10 14
148 10 14
149 10 14
150 10 14
151 10 14
152 10 14
153 10 14
154 10 14
155 10 14
156 10 14
157 10 14
158 10 14
159 10 14
160 10 14
161 10 14
162 10 14
163 10 14
164 10 14
165 10 14
166 10 14
167 10 14
168 10 14
169 10 14
170 10 14
171 10 14
172 10 14
173 10 14
174 10 14
175 10 14
176 10 14
177 10 14
178 10 14
179 10 14
180 10 14
181 10 14
182 10 14
183 10 14
184 10 14
185 10 14
186 10 14
187 10 14
188 10 14
189 10 14
190 10 14
191 10 14
192 10 14
193 10 14
194 10 14
195 10 14
196 10 14
197 10 14
198 10 14
199 10 14
200 10 14
201 10 14
202 10 14
203 10 14
204 10 14
205 10 14
206 10 14
207 10 14
208 10 14
209 10 14
210 10 14
211 10 14
212 10 14
213 10 14
214 10 14
215 10 14
216 10 14
217 10 14
218 10 14
219 10 14
220 10 14
221 10 14
222 10 14
223 10 14
224 10 14
225 10 14
226 10 14
227 10 14
228 10 14
229 10 14
230 10 14
231 10 14
232 10 14
233 10 14
234 10 14
235 10 14
236 10 14
237 10 14
238 10 14
239 10 14
240 10 14
241 10 14
242 10 14
243 10 14
244 10 14
245 10 14
246 10 14
247 10 14
248 10 14
249 10 14
250 10 14
251 10 14
252 10 14
253 10 14
254 10 14
255 10 14
256 10 14
257 10 14
258 10 14
259 10 14
260 10 14
261 10 14
262 10 14
263 10 14
264 10 14
265 10 14
266 10 14
267 10 14
268 10 14
269 10 14
270 10 14
271 10 14
272 10 14
273 10 14
274 10 14
275 10 14
276 10 14
277 10 14
278 10 14
279 10 14
280 10 14
281 10 14
282 10 14
283 10 14
284 10 14
285 10 14
286 10 14
287 10 14
288 10 14
289 10 14
290 10 14
291 10 14
292 10 14
293 10 14
294 10 14
295 10 14
296 10 14
297 10 14
298 10 14
299 10 14
300 10 14
301 10 14
302 10 14
303 10 14
304 10 14
305 10 14
306 10 14
307 10 14
308 10 14
309 10 14
310 10 14
311 10 14
312 10 14
313 10 14
314 10 14
315 10 14
316 10 14
317 10 14
318 7 7
319 7 7
320 44 104
321 31 92
322 44 213
323 44 213
324 29 35
325 42 760
326 29 35
327 42 760
328 29 35
329 42 760
330 29 35
331 42 760
332 29 35
333 42 760
334 29 35
335 71 81
336 42 760
337 29 36
338 42 760
339 29 35
340 42 760
341 29 36
342 45 774
343 29 34
344 71 81
345 45 774
346 44 92
347 33 33
348 64 67
349 230 90
350 33 33
351 230 90
352 33 33
353 230 89
354 33 33
355 230 90
356 33 33
357 64 67
358 230 89
359 33 33
360 230 90
361 33 33
362 230 90
363 33 33
364 230 90
365 33 33
366 64 66
367 230 90
368 33 32
369 230 90
370 33 32
371 230 90
372 33 33
373 230 90
374 33 33
375 64 66
376 230 90
377 33 33
378 230 90
379 33 33
380 230 90
381 33 33
382 230 90
383 33 33
384 64 66
385 230 90
386 33 33
387 230 90
388 33 33
389 230 90
390 33 33
391 230 90
392 33 33
393 64 66
394 230 90
395 33 33
396 230 90
397 33 33
398 230 90
399 33 33
400 230 90
401 33 33
402 64 66
403 230 90
404 33 33
405 230 90
406 33 33
407 230 90
408 33 33
409 230 90
410 33 33
411 64 66
412 230 90
413 33 33
414 230 90
415 33 33
416 230 90
417 33 33
418 230 90
